8,2.5,96
8,2.5,108
16,2.5,28
16,2.5,36
16,2.5,52
16,2.5,112
16,2.5,148
16,2.5,188
20,2.5,64
20,2.5,88
24,2.5,24
24,2.5,160
28,2.5,88
28,2.5,136
28,2.5,176
32,2.5,28
32,2.5,36
32,2.5,56
36,2.5,192
40,2.5,8
40,2.5,112
48,2.5,8
52,2.5,32
52,2.5,96
56,2.5,144
60,2.5,32
60,2.5,80
64,2.5,12
64,2.5,92
72,2.5,24
72,2.5,132
76,2.5,48
76,2.5,120
80,2.5,16
80,2.5,160
80,2.5,184
84,2.5,48
84,2.5,64
84,2.5,88
84,2.5,120
88,2.5,56
88,2.5,128
88,2.5,160
92,2.5,64
96,2.5,48
96,2.5,88
96,2.5,148
96,2.5,164
96,2.5,180
100,2.5,112
104,2.5,44
104,2.5,76
104,2.5,160
108,2.5,24
108,2.5,64
112,2.5,8
112,2.5,36
112,2.5,120
112,2.5,144
116,2.5,88
120,2.5,12
120,2.5,148
124,2.5,40
128,2.5,76
128,2.5,84
128,2.5,96
128,2.5,104
136,2.5,108
140,2.5,48
144,2.5,16
144,2.5,28
144,2.5,96
144,2.5,136
144,2.5,192
148,2.5,120
152,2.5,8
152,2.5,128
152,2.5,176
160,2.5,60
160,2.5,84
160,2.5,120
160,2.5,148
160,2.5,176
164,2.5,136
168,2.5,100
168,2.5,112
168,2.5,180
168,2.5,192
172,2.5,136
172,2.5,152
176,2.5,12
176,2.5,160
180,2.5,80
180,2.5,96
180,2.5,136
184,2.5,144
188,2.5,32
188,2.5,96
188,2.5,152
188,2.5,176
192,2.5,44
196,2.5,56
196,2.5,80
196,2.5,152
